27
1 4 0.6
1 11 0.2
1 27 0.2
2 2 0.3
2 5 0.2
2 12 0.4
2 25 0.1
3 6 0.4
3 7 0.3
3 23 0.3
4 1 0.6
4 18 0.2
4 26 0.2
5 2 0.4
5 12 0.1
5 21 0.2
5 25 0.3
6 17 1.0
7 3 0.3
7 20 0.4
7 23 0.3
8 9 1.0
9 9 0.1
9 16 0.9
10 12 0.4
10 19 0.2
10 22 0.2
10 24 0.2
11 1 0.5
11 18 0.5
12 2 0.1
12 5 0.4
12 12 0.3
12 21 0.2
13 3 0.3
13 15 0.7
14 2 0.1
14 5 0.2
14 8 0.1
14 9 0.1
14 14 0.4
14 16 0.1
15 13 0.5
15 26 0.5
16 8 1.0
17 20 1.0
18 4 0.5
18 11 0.5
19 10 0.1
19 19 0.5
19 22 0.1
19 24 0.3
20 6 1.0
21 2 0.2
21 5 0.3
21 12 0.1
21 21 0.1
21 25 0.3
22 10 0.2
22 16 0.4
22 19 0.2
22 24 0.2
23 3 0.3
23 7 0.3
23 17 0.4
24 10 0.3
24 14 0.1
24 19 0.3
24 22 0.3
25 2 0.2
25 12 0.2
25 21 0.5
25 25 0.1
26 4 0.5
26 27 0.5
27 1 0.5
27 27 0.5